1.000000000000000000e+00 -5.004136539068688300e-02 -3.171465269256187186e-02 1.147940419274678520e-01 -5.768386736609528581e-02 1.258534264339123132e-01 8.326026582482266847e-02 -1.180072802317800595e-01 -3.971490694780343417e-02 1.457109059022619266e-02 3.110641396702268011e-02 -2.131309399450631581e-01 6.572553907223022129e-02 -1.179492823055754563e-01 -1.285539735754011315e-01 8.546708579579231913e-02 1.298706933791516083e-01 -3.287047576404698856e-02 -5.469375786225685182e-02 7.624575425621135660e-02 -1.142716319615371123e-01 9.002963405724417889e-02 1.519466869753839378e-01 5.593721777028230757e-02 1.446473032801541547e-01 1.653710008625343050e-02
-5.004136539068688300e-02 1.000000000000000000e+00 4.080626823661690633e-02 -5.759269114552724965e-03 8.968848226522144543e-03 -1.194260500455773949e-01 -1.286811728544994260e-01 1.109016916971554689e-01 8.900165249009032997e-02 1.760919950008332791e-01 4.517516100042364563e-02 -9.061085365256439650e-03 3.008814711105980422e-01 -1.667053548733082591e-01 -1.106309833491395112e-01 -9.026002875633340472e-02 -5.487983275910625347e-02 -3.473075629323438274e-02 -2.704801501842173383e-01 -8.926344264907621999e-04 1.924365384000608359e-01 -1.811549382704484568e-02 3.616923888892765136e-03 1.299088874514221781e-01 -1.349450802627113512e-02 1.494005643074693968e-01
-3.171465269256187186e-02 4.080626823661690633e-02 1.000000000000000000e+00 -4.881017298491230338e-02 -9.340632809413289273e-02 -1.981611987438329225e-01 -1.417603725733536379e-01 1.329081482868516295e-01 6.150898416637810145e-02 2.965818703659990965e-02 3.428713411637095421e-01 -5.494183444577084574e-02 5.526110683400700663e-02 -1.548709381677949339e-02 -1.329353319671997338e-02 -1.064762449737201126e-02 9.790288830825095642e-03 -2.274177866469013348e-02 -8.277038857099065783e-02 -1.761458745177477692e-01 4.350513028509994662e-02 3.143928645232386965e-02 3.981336248462318678e-02 -8.206098011588889782e-03 -4.443937975580229682e-03 -7.724588806924174988e-02
1.147940419274678520e-01 -5.759269114552724965e-03 -4.881017298491230338e-02 1.000000000000000000e+00 2.406155711790447238e-01 -1.142162471139478511e-02 -3.984759522006892096e-02 -6.326997340853382501e-02 5.839359543295175731e-02 -1.822564690730282821e-02 5.502480059392116790e-03 -1.474536015985951007e-02 -5.987043336438287872e-02 -4.907575644392609543e-02 -4.838860475356119434e-02 -3.647353758247535299e-02 -3.083178334002128259e-03 1.040408619339459051e-01 5.414898671966429135e-03 2.140211856119779085e-02 -3.612687898156838329e-02 1.144410020730898293e-02 -1.687703279047161192e-02 -9.105075703051674837e-03 1.108417499303032509e-02 2.187283364924608262e-03
-5.768386736609528581e-02 8.968848226522144543e-03 -9.340632809413289273e-02 2.406155711790447238e-01 1.000000000000000000e+00 5.818788132246158207e-02 3.793334712250900215e-02 3.017242942477423029e-02 5.117705858627773913e-02 -1.219000659466681728e-02 -3.862656422394276923e-02 1.053254058558846136e-02 1.892721463002015403e-03 2.901998351893040479e-02 -5.135120350504373751e-03 -2.760869739470162704e-02 -1.035318173739270264e-01 3.471413609478039841e-02 -2.220203926248234122e-02 -6.462412114839435895e-02 5.095535060465910399e-02 -4.456495030630382853e-02 -4.846212747346351213e-02 -2.625494685610182261e-02 -2.578452013302118609e-02 1.121969608400464891e-01
1.258534264339123132e-01 -1.194260500455773949e-01 -1.981611987438329225e-01 -1.142162471139478511e-02 5.818788132246158207e-02 1.000000000000000000e+00 6.476408969356158840e-01 -5.402484972555220422e-01 -2.355798320082785891e-01 -1.158022834305192095e-01 -2.656664117754270471e-01 9.016275384423524941e-02 -1.777817494059516501e-01 -2.548828927755474733e-02 1.226391476376307438e-01 1.404292381189645167e-01 1.220211502328731601e-01 1.378732716332689290e-01 2.155910362797004154e-01 2.600734921716224557e-01 -3.933803741811506965e-02 1.787362308001678654e-02 -2.243475685826101795e-02 6.804331282754188387e-03 6.199074839417329863e-04 -9.411056683492749486e-03
8.326026582482266847e-02 -1.286811728544994260e-01 -1.417603725733536379e-01 -3.984759522006892096e-02 3.793334712250900215e-02 6.476408969356158840e-01 1.000000000000000000e+00 -3.706789168153418190e-01 -3.621179058706827103e-01 -8.767218597596124728e-04 -2.105515197996974674e-01 4.832133401509678544e-02 -1.736315227457284338e-01 3.674193487214252873e-02 1.453485375504882660e-01 1.172402887516265646e-01 8.439075745236097881e-02 8.521988104099789685e-02 1.925062615672564481e-01 1.756743914006951568e-01 -7.719356816270389610e-02 2.044461612088917246e-02 5.887970192512152236e-03 2.405109480528183283e-02 4.351783587587898516e-02 2.464842631318197794e-02
-1.180072802317800595e-01 1.109016916971554689e-01 1.329081482868516295e-01 -6.326997340853382501e-02 3.017242942477423029e-02 -5.402484972555220422e-01 -3.706789168153418190e-01 1.000000000000000000e+00 3.072632405638432429e-01 1.470239752008777323e-01 1.517760534937623029e-01 -2.409618452929405616e-02 8.456974763766468561e-02 7.032219885846457963e-02 -8.828471053912086142e-02 -6.099931682085596441e-02 -1.169600205937867538e-01 -1.107412437796071458e-01 -1.364219663140049943e-01 -2.180054738898139499e-01 6.484153253669482087e-02 9.055683464045866105e-03 -4.342308189953029973e-02 1.604935187928834689e-02 -6.222876019424246341e-02 5.196845164574463716e-02
-3.971490694780343417e-02 8.900165249009032997e-02 6.150898416637810145e-02 5.839359543295175731e-02 5.117705858627773913e-02 -2.355798320082785891e-01 -3.621179058706827103e-01 3.072632405638432429e-01 1.000000000000000000e+00 -4.369421392951724180e-03 1.030181790452102675e-01 -3.932382874607542877e-02 7.297247821903066201e-02 -5.364732182037183078e-02 -6.561719988632851164e-02 1.467933163588743678e-02 -5.259707334437207366e-02 -1.059672248653241618e-02 -6.233475445221931671e-02 -1.804622453415156980e-02 -3.175856633455655456e-04 3.214484352662364680e-02 5.102879256124753793e-02 2.737964233485746038e-02 1.890552043549326502e-02 3.283988794409729156e-02
1.457109059022619266e-02 1.760919950008332791e-01 2.965818703659990965e-02 -1.822564690730282821e-02 -1.219000659466681728e-02 -1.158022834305192095e-01 -8.767218597596124728e-04 1.470239752008777323e-01 -4.369421392951724180e-03 1.000000000000000000e+00 9.051977456542670275e-02 1.557598583894966721e-02 1.231317539298646679e-01 -8.325387767761554050e-03 4.101295562353093199e-02 -3.005765301368053255e-02 -3.996851832602572180e-02 -9.932269520279804476e-02 -1.437547574874234457e-01 2.338421587890312375e-02 7.020217937201611580e-02 -3.388637637102772521e-02 -8.006755564921091625e-03 -2.125297319944077085e-02 2.135424038917694450e-04 5.397786127329565198e-02
3.110641396702268011e-02 4.517516100042364563e-02 3.428713411637095421e-01 5.502480059392116790e-03 -3.862656422394276923e-02 -2.656664117754270471e-01 -2.105515197996974674e-01 1.517760534937623029e-01 1.030181790452102675e-01 9.051977456542670275e-02 1.000000000000000000e+00 -5.368621088550673548e-02 8.240868543855835171e-02 -3.708033967041973744e-02 -3.917441136735106549e-02 -8.929724344467948605e-02 -2.891809685337460439e-02 -1.196700442941250712e-02 -7.524581410895986311e-02 -1.991209741891745155e-01 1.212619031393745266e-02 2.373880966335403710e-03 3.624315606634765556e-04 6.192487070271409516e-02 -5.099564686581512657e-02 -1.260579999409160851e-02
-2.131309399450631581e-01 -9.061085365256439650e-03 -5.494183444577084574e-02 -1.474536015985951007e-02 1.053254058558846136e-02 9.016275384423524941e-02 4.832133401509678544e-02 -2.409618452929405616e-02 -3.932382874607542877e-02 1.557598583894966721e-02 -5.368621088550673548e-02 1.000000000000000000e+00 -1.521347239900023296e-01 9.401646927558064692e-02 1.443335347588752260e-01 -7.627337593876367880e-03 7.721316939943273505e-02 4.445354803048047476e-02 1.848295040248284504e-01 3.442572453421477441e-02 3.810390140787379282e-02 3.370730955853738341e-03 -6.797857488612794874e-02 -8.155692888265282658e-02 -5.584922059297522251e-02 -1.228891686131541455e-01
6.572553907223022129e-02 3.008814711105980422e-01 5.526110683400700663e-02 -5.987043336438287872e-02 1.892721463002015403e-03 -1.777817494059516501e-01 -1.736315227457284338e-01 8.456974763766468561e-02 7.297247821903066201e-02 1.231317539298646679e-01 8.240868543855835171e-02 -1.521347239900023296e-01 1.000000000000000000e+00 1.191424074209660594e-02 -1.215380969903857682e-02 7.036199773583189099e-02 -5.293508198337623823e-03 -7.221246734515401888e-02 -2.940495408128894206e-01 -8.290451133997513156e-02 6.031386701648570881e-02 -6.603993589613164905e-02 1.110571829325856380e-01 4.742593026229168646e-02 4.078901318256161757e-02 1.542939124929701700e-01
-1.179492823055754563e-01 -1.667053548733082591e-01 -1.548709381677949339e-02 -4.907575644392609543e-02 2.901998351893040479e-02 -2.548828927755474733e-02 3.674193487214252873e-02 7.032219885846457963e-02 -5.364732182037183078e-02 -8.325387767761554050e-03 -3.708033967041973744e-02 9.401646927558064692e-02 1.191424074209660594e-02 1.000000000000000000e+00 7.544550732736274301e-02 3.768651691678137627e-02 -2.464426978724926914e-02 2.542967227623142354e-02 8.639009971079328332e-02 -3.748697937141585307e-02 -1.000796572510826987e-01 -5.927264321599395782e-04 -2.530137266076349159e-02 -6.172868572191706621e-02 2.043317050246848746e-02 -4.892092681423924200e-02
-1.285539735754011315e-01 -1.106309833491395112e-01 -1.329353319671997338e-02 -4.838860475356119434e-02 -5.135120350504373751e-03 1.226391476376307438e-01 1.453485375504882660e-01 -8.828471053912086142e-02 -6.561719988632851164e-02 4.101295562353093199e-02 -3.917441136735106549e-02 1.443335347588752260e-01 -1.215380969903857682e-02 7.544550732736274301e-02 1.000000000000000000e+00 1.066680643726203165e-01 -4.416081075834570914e-03 2.904011590879743837e-02 8.942213073659835421e-02 7.035743754560985774e-02 -3.238111402612395967e-02 2.540954649218488473e-02 2.767194857646324783e-03 1.158959948558098939e-02 2.338957805002144993e-02 4.095393242369431419e-02
8.546708579579231913e-02 -9.026002875633340472e-02 -1.064762449737201126e-02 -3.647353758247535299e-02 -2.760869739470162704e-02 1.404292381189645167e-01 1.172402887516265646e-01 -6.099931682085596441e-02 1.467933163588743678e-02 -3.005765301368053255e-02 -8.929724344467948605e-02 -7.627337593876367880e-03 7.036199773583189099e-02 3.768651691678137627e-02 1.066680643726203165e-01 1.000000000000000000e+00 5.123417287680559484e-02 4.753463216163950067e-02 4.573495983452342123e-02 5.672542027189646230e-02 -6.002968371125348007e-02 -2.222083885264772209e-03 -7.422990860233155685e-02 -5.591221636527507477e-02 6.630821138225122258e-02 -2.393628962576169195e-02
1.298706933791516083e-01 -5.487983275910625347e-02 9.790288830825095642e-03 -3.083178334002128259e-03 -1.035318173739270264e-01 1.220211502328731601e-01 8.439075745236097881e-02 -1.169600205937867538e-01 -5.259707334437207366e-02 -3.996851832602572180e-02 -2.891809685337460439e-02 7.721316939943273505e-02 -5.293508198337623823e-03 -2.464426978724926914e-02 -4.416081075834570914e-03 5.123417287680559484e-02 1.000000000000000000e+00 4.787670198629440793e-02 4.535953219613289567e-02 8.530823708357485047e-02 5.604858557147472664e-02 6.803638828986986742e-02 1.535771832586226016e-01 7.964095417465426319e-02 3.518094314830785829e-02 -1.552320416140716072e-02
-3.287047576404698856e-02 -3.473075629323438274e-02 -2.274177866469013348e-02 1.040408619339459051e-01 3.471413609478039841e-02 1.378732716332689290e-01 8.521988104099789685e-02 -1.107412437796071458e-01 -1.059672248653241618e-02 -9.932269520279804476e-02 -1.196700442941250712e-02 4.445354803048047476e-02 -7.221246734515401888e-02 2.542967227623142354e-02 2.904011590879743837e-02 4.753463216163950067e-02 4.787670198629440793e-02 1.000000000000000000e+00 4.555731704745698968e-02 -6.696569103229303883e-03 -2.860519577138543115e-02 4.834120071480572933e-02 -5.686736927441185009e-03 1.487581056950385353e-02 2.317549255930449921e-03 -4.508280447759141496e-02
-5.469375786225685182e-02 -2.704801501842173383e-01 -8.277038857099065783e-02 5.414898671966429135e-03 -2.220203926248234122e-02 2.155910362797004154e-01 1.925062615672564481e-01 -1.364219663140049943e-01 -6.233475445221931671e-02 -1.437547574874234457e-01 -7.524581410895986311e-02 1.848295040248284504e-01 -2.940495408128894206e-01 8.639009971079328332e-02 8.942213073659835421e-02 4.573495983452342123e-02 4.535953219613289567e-02 4.555731704745698968e-02 1.000000000000000000e+00 7.242512071734673318e-02 -1.062906676731425054e-01 4.798099227186263666e-02 -1.027168005046481675e-01 -7.317636099811372641e-02 1.903713563587480090e-02 -1.254895594581240947e-01
7.624575425621135660e-02 -8.926344264907621999e-04 -1.761458745177477692e-01 2.140211856119779085e-02 -6.462412114839435895e-02 2.600734921716224557e-01 1.756743914006951568e-01 -2.180054738898139499e-01 -1.804622453415156980e-02 2.338421587890312375e-02 -1.991209741891745155e-01 3.442572453421477441e-02 -8.290451133997513156e-02 -3.748697937141585307e-02 7.035743754560985774e-02 5.672542027189646230e-02 8.530823708357485047e-02 -6.696569103229303883e-03 7.242512071734673318e-02 1.000000000000000000e+00 2.893453593978206895e-02 7.641910740567785243e-02 6.557234637523329246e-02 8.635886256389264937e-02 -1.715169665871767168e-02 6.517278226011963271e-02
-1.142716319615371123e-01 1.924365384000608359e-01 4.350513028509994662e-02 -3.612687898156838329e-02 5.095535060465910399e-02 -3.933803741811506965e-02 -7.719356816270389610e-02 6.484153253669482087e-02 -3.175856633455655456e-04 7.020217937201611580e-02 1.212619031393745266e-02 3.810390140787379282e-02 6.031386701648570881e-02 -1.000796572510826987e-01 -3.238111402612395967e-02 -6.002968371125348007e-02 5.604858557147472664e-02 -2.860519577138543115e-02 -1.062906676731425054e-01 2.893453593978206895e-02 1.000000000000000000e+00 -4.840377868956968754e-02 2.834434308283390394e-02 8.093635337118987305e-03 -1.901800525095788050e-02 7.148694657125544138e-02
9.002963405724417889e-02 -1.811549382704484568e-02 3.143928645232386965e-02 1.144410020730898293e-02 -4.456495030630382853e-02 1.787362308001678654e-02 2.044461612088917246e-02 9.055683464045866105e-03 3.214484352662364680e-02 -3.388637637102772521e-02 2.373880966335403710e-03 3.370730955853738341e-03 -6.603993589613164905e-02 -5.927264321599395782e-04 2.540954649218488473e-02 -2.222083885264772209e-03 6.803638828986986742e-02 4.834120071480572933e-02 4.798099227186263666e-02 7.641910740567785243e-02 -4.840377868956968754e-02 1.000000000000000000e+00 1.452517076936915563e-01 8.527818619999999461e-02 1.140974371456523612e-01 -9.189848258771633749e-02
1.519466869753839378e-01 3.616923888892765136e-03 3.981336248462318678e-02 -1.687703279047161192e-02 -4.846212747346351213e-02 -2.243475685826101795e-02 5.887970192512152236e-03 -4.342308189953029973e-02 5.102879256124753793e-02 -8.006755564921091625e-03 3.624315606634765556e-04 -6.797857488612794874e-02 1.110571829325856380e-01 -2.530137266076349159e-02 2.767194857646324783e-03 -7.422990860233155685e-02 1.535771832586226016e-01 -5.686736927441185009e-03 -1.027168005046481675e-01 6.557234637523329246e-02 2.834434308283390394e-02 1.452517076936915563e-01 1.000000000000000000e+00 3.349821411006175809e-01 9.319896515050672681e-02 -1.798098067708365014e-02
5.593721777028230757e-02 1.299088874514221781e-01 -8.206098011588889782e-03 -9.105075703051674837e-03 -2.625494685610182261e-02 6.804331282754188387e-03 2.405109480528183283e-02 1.604935187928834689e-02 2.737964233485746038e-02 -2.125297319944077085e-02 6.192487070271409516e-02 -8.155692888265282658e-02 4.742593026229168646e-02 -6.172868572191706621e-02 1.158959948558098939e-02 -5.591221636527507477e-02 7.964095417465426319e-02 1.487581056950385353e-02 -7.317636099811372641e-02 8.635886256389264937e-02 8.093635337118987305e-03 8.527818619999999461e-02 3.349821411006175809e-01 1.000000000000000000e+00 -2.894751777558348185e-02 8.765702901083430310e-02
1.446473032801541547e-01 -1.349450802627113512e-02 -4.443937975580229682e-03 1.108417499303032509e-02 -2.578452013302118609e-02 6.199074839417329863e-04 4.351783587587898516e-02 -6.222876019424246341e-02 1.890552043549326502e-02 2.135424038917694450e-04 -5.099564686581512657e-02 -5.584922059297522251e-02 4.078901318256161757e-02 2.043317050246848746e-02 2.338957805002144993e-02 6.630821138225122258e-02 3.518094314830785829e-02 2.317549255930449921e-03 1.903713563587480090e-02 -1.715169665871767168e-02 -1.901800525095788050e-02 1.140974371456523612e-01 9.319896515050672681e-02 -2.894751777558348185e-02 1.000000000000000000e+00 -2.442586213625988142e-02
1.653710008625343050e-02 1.494005643074693968e-01 -7.724588806924174988e-02 2.187283364924608262e-03 1.121969608400464891e-01 -9.411056683492749486e-03 2.464842631318197794e-02 5.196845164574463716e-02 3.283988794409729156e-02 5.397786127329565198e-02 -1.260579999409160851e-02 -1.228891686131541455e-01 1.542939124929701700e-01 -4.892092681423924200e-02 4.095393242369431419e-02 -2.393628962576169195e-02 -1.552320416140716072e-02 -4.508280447759141496e-02 -1.254895594581240947e-01 6.517278226011963271e-02 7.148694657125544138e-02 -9.189848258771633749e-02 -1.798098067708365014e-02 8.765702901083430310e-02 -2.442586213625988142e-02 1.000000000000000000e+00
